800.00 30.34
798.00 29.98
796.00 29.52
794.00 29.06
792.00 28.72
790.00 28.36
788.00 28.09
786.00 27.81
784.00 27.64
782.00 27.50
780.00 27.33
778.00 27.26
776.00 27.19
774.00 27.12
772.00 27.05
770.00 26.99
768.00 26.91
766.00 26.78
764.00 26.67
762.00 26.47
760.00 26.20
758.00 25.97
756.00 25.69
754.00 25.35
752.00 24.97
750.00 24.60
748.00 24.20
746.00 23.78
744.00 23.34
742.00 22.89
740.00 22.51
738.00 22.13
736.00 21.74
734.00 21.43
732.00 21.11
730.00 20.88
728.00 20.69
726.00 20.55
724.00 20.49
722.00 20.45
720.00 20.49
718.00 20.53
716.00 20.62
714.00 20.71
712.00 20.82
710.00 20.88
708.00 20.95
706.00 20.95
704.00 20.91
702.00 20.87
700.00 20.77
698.00 20.64
696.00 20.45
694.00 20.27
692.00 20.07
690.00 19.82
688.00 19.56
686.00 19.27
684.00 19.01
682.00 18.70
680.00 18.39
678.00 18.08
676.00 17.76
674.00 17.43
672.00 17.10
670.00 16.78
668.00 16.46
666.00 16.15
664.00 15.83
662.00 15.53
660.00 15.24
658.00 14.99
656.00 14.75
654.00 14.55
652.00 14.40
650.00 14.28
648.00 14.21
646.00 14.18
644.00 14.16
642.00 14.15
640.00 14.17
638.00 14.20
636.00 14.21
634.00 14.25
632.00 14.28
630.00 14.32
628.00 14.37
626.00 14.41
624.00 14.47
622.00 14.56
620.00 14.65
618.00 14.78
616.00 14.94
614.00 15.14
612.00 15.39
610.00 15.69
608.00 16.07
606.00 16.54
604.00 17.06
602.00 17.68
600.00 18.39
598.00 19.19
596.00 20.06
594.00 20.99
592.00 22.02
590.00 23.07
588.00 24.13
586.00 25.24
584.00 26.34
582.00 27.46
580.00 28.53
578.00 29.62
576.00 30.68
574.00 31.74
572.00 32.74
570.00 33.75
568.00 34.75
566.00 35.72
564.00 36.67
562.00 37.59
560.00 38.49
558.00 39.37
556.00 40.24
554.00 41.07
552.00 41.89
550.00 42.64
548.00 43.39
546.00 44.05
544.00 44.72
542.00 45.32
540.00 45.88
538.00 46.31
536.00 46.75
534.00 47.14
532.00 47.42
530.00 47.67
528.00 47.81
526.00 47.96
524.00 47.97
522.00 47.91
520.00 47.73
518.00 47.46
516.00 47.02
514.00 46.49
512.00 45.67
510.00 44.77
508.00 43.63
506.00 42.25
504.00 40.61
502.00 38.91
500.00 37.01
498.00 34.95
496.00 32.74
494.00 30.62
492.00 28.50
490.00 26.47
488.00 24.45
486.00 22.60
484.00 20.93
482.00 19.34
480.00 17.90
478.00 16.67
476.00 15.58
474.00 14.61
472.00 13.75
470.00 13.00
468.00 12.36
466.00 11.78
464.00 11.27
462.00 10.83
460.00 10.44
458.00 10.06
456.00 9.75
454.00 9.47
452.00 9.21
450.00 8.95
448.00 8.74
446.00 8.54
444.00 8.37
442.00 8.20
440.00 8.06
438.00 7.94
436.00 7.85
434.00 7.74
432.00 7.66
430.00 7.60
428.00 7.55
426.00 7.50
424.00 7.45
422.00 7.43
420.00 7.42
418.00 7.41
416.00 7.39
414.00 7.39
412.00 7.41
410.00 7.41
408.00 7.43
406.00 7.45
404.00 7.48
402.00 7.51
400.00 7.50
398.00 7.51
396.00 7.48
394.00 7.45
392.00 7.37
390.00 7.30
388.00 7.21
386.00 7.09
384.00 6.96
382.00 6.83
380.00 6.71
